0.23678283751
0.363071116377
0.126917284131
0.2738642893
0.120851280044
0.142034472194
0.126865710527
0.161023891537
0.152761858976
0.138138359617
0.199519519715
0.204249504723
0.0532160949818
0.186048025659
0.035384062241
0.0376225665296
0.0572051709387
0.0473431390469
0.0593422764541
0.0240069795811
0.0438599774845
0.043496531404
0.0290059305595
0.0345890775852
0.036219748223
0.0432720001341
0.0353040884962
0.0490284140444
0.0454180123743
0.0325912206916
0.0585971883728
0.122977028075
0.0278997432171
0.0922648382357
0.0233523284619
0.0496514978705
0.0327484023079
0.0245914357247
0.0212945825968
0.0418665365487
0.0394528380772
0.0246538849804
0.0368807627844
0.025672741475
0.0147411542013
0.0154664718291
0.016363707731
0.0229411027307
0.0153936522451
0.0150702893613
0.0364222737929
0.0341371692154
0.019891797466
0.0302131086411
0.0217686495598
0.0281161091145
0.0342113090371
0.0363230693514
0.0337916464445
0.0294730246051
0.0243085730561
0.0242427180674
0.0284871918824
0.0280502270701
0.0370124258907
0.0174442904448
0.0336664113356
0.0146462111566
0.0324559713765
0.0317316980144
0.0226234624948
0.0313445850807
0.0304095892716
0.0347209149913
0.039350638916
0.0339514694915
0.034467142298
0.0445165057553
0.07958496484
0.0381125254247
0.0275884999218
0.0277105811098
0.0416943272229
0.0412449483269
0.0280197089281
0.0280858208076
0.0252197928242
0.0620225738698
0.0272274170371
0.0254272063225
0.027753782883
0.0292297985979
0.0278410801475
0.0227699585459
0.0351894706994
0.0297729274064
0.032319968109
0.0308886579065
0.0217898864681
0.0208457152714
0.0144283066878
0.0203232596516
0.0293757083474
0.029431013747
0.0241529475271
0.0325878791936
0.0159262350056
0.0313459811659
0.0136210147191
0.0135819979521
0.178211297499
0.0136799403719
0.013642527259
0.0165491506188
0.0162365345955
0.0150320386915
0.0288390444493
0.0185427531705
0.029715946825
0.0151746154853
0.0155876618124
0.0195559069853
0.0151803922984
0.0195183263619
0.0197767774906
0.0193491035122
0.0189435425827
0.024812779443
0.0134577357612
0.0175822884637
0.019024513207
0.0862865016181
0.0167294374826
0.039943634613
0.0122256912214
0.0361270962485
0.0119611204411
0.0118363080749
0.0134588688355
0.0371108122307
0.0124083940267
0.0134073203897
0.0129937372716
0.0129463883584
0.0117671722993
0.0117671722993
0.0117671722993
0.0117671722993
0.0117671722993
0.0119948109086
0.0119948109086
0.0121602058651
0.0117671722993
0.0117671722993
0.0117671722993
0.0117671722993
0.0117671722993
0.0119948109086
0.0119948109086
0.0119948109086
0.0119474568282
0.0117671722993
0.0119948109086
0.0117671722993
0.0251197303843
0.0117671722993
0.0251784873156
0.0117671722993
0.0289268726889
0.0261158307854
0.0117671722993
0.0289524494845
0.0290286499322
0.0252526755556
0.0251784873156
0.0251101854209
0.0251784873156
0.0251784873156
0.0251784873156
0.0251784873156
0.0117671722993
0.0117671722993
0.0288894067618
0.0251784873156
0.0129689318308
0.0117671722993
0.012964972304
0.0117671722993
0.012964972304
0.0130129105077
0.012964972304
0.0117671722993
0.0117671722993
0.012964972304
0.0117671722993
0.0117671722993
0.0117671722993
0.012964972304
0.0117671722993
0.012964972304
0.0251060653031
0.012964972304
0.012964972304
0.0117671722993
0.012964972304
0.0132394581426
0.017443637504
0.0175810334567
0.019925401668
0.0154392808529
0.0207911596224
0.0154392808529
0.0154392808529
0.0154392808529
0.0255276546811
0.0155597698441
0.0155597698441
0.016750431637
0.0154392808529
0.0155597698441
0.0154392808529
0.0129707267877
0.016635662836
0.0129707267877
0.0167561518272
0.016735396352
0.0129707267877
0.0129707267877
0.0117671722993
0.0117671722993
0.0123485157819
0.0123485157819
0.0127208329302
0.0168833586751
0.0130070488299
0.0124023424045
0.0130155116339
0.0130353010674
0.0130070488299
0.0130155116339
0.0168303657266
0.0117671722993
0.0117671722993
0.0124689120042
0.0117671722993
0.0124689120042
0.0133688967026
0.0169561619071
0.0124124724791
0.0123951024594
0.0123951024594
0.012466906504
0.012466906504
0.0203968568802
0.0148067380218
0.0153171586968
0.0148067380218
0.0163480675713
0.0149527618882
0.0132171765235
0.0143361203712
0.0146795248095
0.0122313438008
0.012527797872
0.0169161913561
0.0126334056148
0.0118529979287
0.0118529979287
0.0125687698071
0.0123632068703
0.0169734752749
0.0118529979287
0.0118529979287
0.0169370276049
0.0122440609409
0.0118496482308
0.0122716849204
0.0178266138703
0.0142870732121
0.0127126812925
0.0127092086626
0.0127092086626
0.0126879667335
0.0128643954157
0.0127276089865
0.0133306604358
0.0126879667335
0.0126879667335
0.0133226223323
0.0126879667335
0.0142848999068
0.0141372602319
0.0141378484793
0.0141378484793
0.0141378484793
0.0141378484793
0.0131003022996
0.0130997572225
0.0127092086626
0.0131003022996
0.0130997572225
0.012708679858
0.0136246735346
0.013017960456
0.0139154756484
0.0127641716225
0.0144467541956
0.0127698796471
0.0127698796471
0.013017960456
0.0127698796471
0.0127698796471
0.0127698796471
0.0128535526944
0.0128902805459
0.01292945547
0.018254183984
0.0138748107633
0.0133656532038
0.0121369525252
0.0119866952069
0.0119866952069
0.0117671722993
0.0117671722993
0.0119866952069
0.0129454900236
0.013095747342
0.012725967116
0.0148585897372
0.0139767552727
0.012725967116
0.012725967116
0.012725967116
0.04794842176
0.0118826866063
0.0118826866063
0.0117671722993
0.0117671722993
0.0117671722993
0.0118452734934
0.0117671722993
0.0117671722993
0.0117671722993
0.0117671722993
0.0117671722993
0.0117671722993
0.0117671722993
0.0117671722993
0.0117671722993
0.0117671722993
0.0149816516745
0.014824071775
0.0143462778233
0.0142446832579
0.0143462778233
0.0142446832579
0.0142446832579
0.0142446832579
0.0143462778233
0.0143462778233
0.0143462778233
0.0142446832579
0.0143462778233
0.0142446832579
0.0142446832579
0.0117671722993
0.0143462778233
0.0143300824608
0.0117671722993
0.0117671722993
0.0117671722993
0.0117671722993
0.0117671722993
0.0117671722993
0.0120281153521
0.0162542129785
0.0162542129785
0.0162542129785
0.0162542129785
0.0162542129785
0.0162542129785
0.0162542129785
0.0162542129785
0.0162542129785
0.0162542129785
0.0162542129785
0.0117671722993
0.0117671722993
0.0117671722993
0.0117671722993
0.0117671722993
0.0117671722993
0.0117671722993
0.0117671722993
0.0117671722993
0.0117671722993
0.0117671722993
0.0117671722993
0.0117671722993
0.0117671722993
0.0117671722993
0.0117671722993
0.0162542129785
0.0121807554174
0.0121807554174
0.0121807554174
0.01656846544
0.0121807554174
0.0165536678624
0.0117671722993
0.0161429166431
0.0165536678624
0.0165536678624
0.0117671722993
0.0117671722993
0.0120150809596
0.0163199305905
0.017403342611
0.017282536521
0.0136243094906
0.0136243094906
0.0147481991794
0.0119513285924
0.012912804067
0.012912804067
0.012912804067
0.0129089752454
0.0129089752454
0.0129089752454
0.0129937372716
0.0136243094906
0.0117671722993
0.0117671722993
0.016174244697
0.0117671722993
0.016137101146
0.0117671722993
0.0180586554876
0.0117671722993
0.0117671722993
0.0117671722993
0.0117671722993
0.0124454582804
0.0117671722993
0.0117671722993
0.0117671722993
0.0117671722993
0.0124454582804
0.0124454582804
0.0117671722993
0.0117671722993
0.0117671722993
0.0117671722993
0.0117671722993
0.0117671722993
0.0117671722993
0.0117671722993
0.0117671722993
0.0117671722993
0.0117671722993
0.0117671722993
0.0117671722993
0.0117671722993
0.0117671722993
0.0117671722993
0.0117671722993
0.0117671722993
0.0117671722993
0.0117671722993
0.0117671722993
0.0117671722993
0.0117671722993
0.0117671722993
0.0117671722993
0.0118737535048
0.0117671722993
0.0117671722993
0.0117671722993
0.0117671722993
0.0117671722993
0.0117671722993
0.0117671722993
0.0117671722993
0.0117671722993
0.0117671722993
0.0117671722993
0.0117671722993
0.0117671722993
0.0117671722993
0.0117671722993
0.0117671722993
0.0117671722993
0.0117671722993
0.0117671722993
0.0117671722993
0.0117671722993
0.0117671722993
0.0117671722993
0.0117671722993
0.0119312523132
0.0119306524653
0.014884325909
0.0120246276345
0.0117671722993
0.0143602176157
0.0117671722993
0.0143629523854
0.0143629523854
0.0143629523854
0.0143629523854
0.0143602176157
0.0117671722993
0.0117671722993
0.0117671722993
0.0117671722993
0.0117671722993
0.0117671722993
0.0117671722993
0.0143602176157
0.0117671722993
0.0117671722993
0.0117671722993
0.0117671722993
0.0143587367169
0.0117671722993
0.0117671722993
0.0117671722993
0.0117671722993
0.0117671722993
0.0117671722993
0.0117671722993
0.0117671722993
0.0117671722993
0.0117671722993
0.0117671722993
0.0143587367169
0.0117671722993
0.0143571715274
0.0117671722993
0.0117671722993
0.0117671722993
0.0117671722993
0.0117671722993
0.0148752049124
0.0117671722993
0.0124810987712
0.0118945526318
0.0117671722993
0.0117671722993
0.0117671722993
0.0117671722993
0.0117671722993
0.0117671722993
0.0117671722993
0.0117671722993
0.0117671722993
0.0124207704376
0.0126042093087
0.0126042093087
0.0117671722993
0.0127315896413
0.0126042093087
0.0117671722993
0.0117671722993
0.0117671722993
0.0117671722993
0.0117671722993
0.0117671722993
0.0117671722993
0.0117671722993
0.0118374279982
0.0121764193401
0.0121764193401
0.0149087509149
0.0117671722993
0.0117671722993
0.0125122176053
0.0121764193401
0.0117671722993
0.0117671722993
0.0117671722993
0.0123629412871
0.0117671722993
0.0117671722993
0.0117671722993
0.0117671722993
0.0136008630271
0.0136008630271
0.0136008630271
0.0136008630271
0.0136008630271
0.0136008630271
0.0136434858929
0.0136008630271
0.0136008630271
0.0136008630271
0.0136008630271
0.0136434858929
0.0136008630271
0.0136008630271
0.0136008630271
0.0136008630271
0.0136008630271
0.0136008630271
0.0136008630271
0.0136008630271
0.0136008630271
0.0136434858929
0.0136008630271
0.0136008630271
0.0136008630271
0.0136008630271
0.0136008630271
0.0136008630271
0.0136008630271
0.0136008630271
0.0136008630271
0.0136008630271
0.0136008630271
0.0136008630271
0.0136008630271
0.0136008630271
0.0136008630271
0.0136008630271
0.0136008630271
0.0136008630271
0.0136008630271
0.0136008630271
0.0136008630271
0.0136008630271
0.0136008630271
0.0132210624666
0.0132210624666
0.0132236461888
0.0132236461888
0.0132236461888
0.0132236461888
0.0132236461888
0.0132236461888
0.0132260462637
0.0132236461888
0.0132236461888
0.0132236461888
0.0132210624666
0.0132358738312
0.0132236461888
0.0132210624666
0.0132236461888
0.0132260462637
0.0132236461888
0.0117671722993
0.0117671722993
0.0117671722993
0.0117671722993
0.0119558664943
0.0145236049144
0.0144962617342
0.0144962617342
0.0144962617342
0.0144962617342
0.0144962617342
0.0144962617342
0.0144962617342
0.0126106919597
0.0126106919597
0.0117671722993
0.0117671722993
0.0117671722993
0.0117671722993
0.0117671722993
0.0117671722993
0.0117671722993
0.0117671722993
0.0117671722993
0.0117671722993
0.0117671722993
0.0117671722993
0.0117671722993
0.0118481990473
0.0118481990473
0.0130237517824
0.0135171133924
0.0117671722993
0.0119473609644
0.0117671722993
0.0118945526318
0.0117671722993
0.0119473609644
0.0117671722993
0.0118557649123
0.0125185118841
0.0120628752714
0.0124261794635
0.0130494472882
0.0120864827398
0.0142840546289
0.0119847740773
0.0124810987712
0.0124371259549
0.0124334755355
0.0117671722993
0.0117671722993
0.0126879535171
0.0124810987712
0.0126395410005
0.012436849895
0.0156871655252
0.0123154536363
0.0126879535171
0.0123154536363
0.0123154536363
0.0121014073777
0.0121225994492
0.0117671722993
0.0117671722993
0.0117671722993
0.0118945526318
0.0118557649123
0.0118557649123
0.0118557649123
0.0118557649123
0.0118557649123
0.0118557649123
0.0118557649123
0.0118557649123
0.0118557649123
0.0118557649123
0.0118557649123
0.0118557649123
0.0127147027987
0.0118945526318
0.0120224751968
0.0120639942647
0.0120639942647
0.0121014073777
0.0117671722993
0.0118945526318
0.0118945526318
0.0120754469818
0.0122190647839
0.0118945526318
0.0118945526318
0.0118945526318
0.0117671722993
0.0117671722993
0.0124810987712
0.0124810987712
0.0124810987712
0.0117671722993
0.0117671722993
0.0117671722993
0.0117671722993
0.0117671722993
0.0117671722993
0.0117671722993
0.0117671722993
0.0117671722993
0.0117671722993
0.0117671722993
0.0117671722993
0.0117671722993
0.0117671722993
0.0117671722993
0.0117671722993
0.0117671722993
0.0117671722993
0.0117671722993
0.0119164486175
0.0117671722993
0.0117671722993
0.0117671722993
0.0117671722993
0.0117671722993
0.0117671722993
0.0166194046701
0.0117671722993
0.0117671722993
0.0117671722993
0.0117671722993
0.0117671722993
0.0117671722993
0.0131444055925
0.0117671722993
0.0131444055925
0.0131444055925
0.0149568713399
0.0149568713399
0.052223065453
0.0150644818731
0.0150644818731
0.0146426580014
0.0146426580014
0.0153386240481
0.0153386240481
0.0146072998938
0.0146072998938
0.0146072998938
0.0146072998938
0.0146072998938
0.0146072998938
0.0146072998938
0.0146072998938
0.0153386240481
0.0153386240481
0.0169470654129
0.0169470654129
0.0145856258076
0.0145856258076
0.0117671722993
0.0117671722993
0.0124965419384
0.0148950402401
0.0148950402401
0.0148950402401
0.0117671722993
0.0117671722993
0.0117671722993
0.0117671722993
0.0117671722993
0.0118045854122
0.0117671722993
0.0119327023474
0.0187735639694
0.0187594898261
0.0187964795479
0.0187594898261
0.0187964795479
0.0187857786534
0.0187594898261
0.0187594898261
0.0187594898261
0.0188347967497
0.0187735639694
0.0188059316427
0.0189584684978
0.0119875485305
0.0117671722993
0.0119875485305
0.0121112202787
0.0121112202787
0.0121112202787
0.0121112202787
0.0121112202787
0.0121112202787
0.0117671722993
0.0117671722993
0.0117671722993
0.0117671722993
0.0117671722993
0.0117671722993
0.0117671722993
0.0117671722993
0.0117671722993
0.0117671722993
0.0117671722993
0.0117671722993
0.0117671722993
0.0117671722993
0.0117671722993
0.0117671722993
0.0117671722993
0.0117671722993
0.0117671722993
0.0117671722993
0.0117671722993
0.0117671722993
0.0117671722993
0.0117671722993
0.0117671722993
0.0117671722993
0.0117671722993
0.0117671722993
0.0117671722993
0.0117671722993
0.0117671722993
0.0117671722993
0.0117671722993
0.0117671722993
0.0117671722993
0.0117671722993
0.0117671722993
0.0117671722993
0.0119875485305
0.0119875485305
0.0178343651045
0.0177911670845
0.0177507448668
0.0177507448668
0.0177507448668
0.0117671722993
0.0117671722993
0.0117671722993
0.0117671722993
0.0117671722993
0.0117671722993
0.0117671722993
0.0177507448668
0.0117671722993
0.0117671722993
0.0117671722993
0.0117671722993
0.0117671722993
0.0117671722993
0.0117671722993
0.0117671722993
0.0117671722993
0.0117671722993
0.0117671722993
0.0117671722993
0.0177507448668
0.0117671722993
0.0177507448668
0.0117671722993
0.01773243179
0.0117671722993
0.0117671722993
0.0117671722993
0.0117671722993
0.0117671722993
0.0117671722993
0.0117671722993
0.0117671722993
0.0117671722993
0.0117671722993
0.0120603984184
0.0120603984184
0.0120603984184
0.0190704053416
0.0117671722993
0.0117671722993
0.0117671722993
0.0117671722993
0.0117671722993
0.0117671722993
0.0117671722993
0.0117671722993
0.0122511947502
0.0122511947502
0.0117671722993
0.0120976218398
0.0117671722993
0.0117671722993
0.0120976218398
0.0117671722993
0.0117671722993
0.0117671722993
0.0117671722993
0.0117671722993
0.0117671722993
0.0117671722993
0.0117671722993
0.0117671722993
0.0117671722993
0.0117671722993
0.0117671722993
0.0117671722993
0.0189676309576
0.019019813659
0.0189676309576
0.0189676309576
0.0117671722993
0.0117671722993
0.0189676309576
0.0189676309576
0.0120976218398
0.0117671722993
0.0123360416999
0.0117671722993
0.0117671722993
0.0117671722993
0.0117671722993
0.0117671722993
0.0117671722993
0.0122451273635
0.0192582335192
0.0143240301383
0.0135735006345
0.0135735006345
0.013617202472
0.0135735006345
0.0135735006345
0.0135735006345
0.0120575081976
0.0117671722993
0.0117671722993
0.0126117064698
0.0120575081976
0.0126117064698
0.0128799434872
0.0120575081976
0.0125941666883
0.0125944936669
0.0117671722993
0.0117671722993
0.0126111921196
0.0126111921196
0.0125939983495
0.0125955454159
0.0125939983495
0.0125939983495
0.0125939983495
0.0125939983495
0.0125939983495
0.0125939983495
0.0125939983495
0.0125939983495
0.0125941666883
0.0125939983495
0.0125939983495
0.0126111921196
0.0125939983495
0.0125939983495
0.0125941666883
0.0125941666883
0.0125939983495
0.0125938266485
0.0125939983495
0.0125939983495
0.0125951113395
0.0125943317627
0.0125939983495
0.0125939983495
0.0125939983495
0.0125941666883
0.0126111921196
0.0126111921196
0.0125939983495
0.0125939983495
0.0125939983495
0.0125941666883
0.0125939983495
0.0125939983495
0.0125938266485
0.0125939983495
0.0125938266485
0.0125941666883
0.0118958236383
0.0118234928073
0.0117671722993
0.0126111921196
0.0126111921196
0.0165987940092
0.0160673546661
0.0125943317627
0.0125941666883
0.0125943317627
0.0125941666883
0.0148521509743
0.0126111921196
0.0125941666883
0.0125955454159
0.0126111921196
0.0126111921196
0.0150378029685
0.0121393250331
0.0144849265188
0.0134104145605
0.0139757157299
0.0134104145605
0.0134104145605
0.0134104145605
0.0134104145605
0.0134104145605
0.0134104145605
0.0134104145605
0.0134104145605
0.0141106153267
0.0117671722993
0.0117671722993
0.0117671722993
0.0117671722993
0.0128304377467
0.0117671722993
0.0117671722993
0.0122724789338
0.0135849913044
0.0135827919782
0.0135811702365
0.0135819979521
0.0135849913044
0.0135827919782
0.0135869513041
0.0117671722993
0.0135842868675
0.0135819979521
0.0118496836627
0.0118039001508
0.0118039001508
0.0117671722993
0.0117671722993
0.0117671722993
0.0117671722993
0.0117671722993
0.0118764695341
0.0118764695341
0.0118764695341
0.0117939581706
0.0119105329491
0.0120047866142
0.0119665638733
0.0135842868675
0.0135819979521
0.0135827919782
0.0135827919782
0.0135827919782
0.0135827919782
0.0135827919782
0.0135835543307
0.0135819979521
0.0135819979521
0.0135819979521
0.0135811702365
0.0135811702365
0.0136024441832
0.0135819979521
0.0135835543307
0.0135842868675
0.0135819979521
0.0135819979521
0.0135819979521
0.0135835543307
0.0135842868675
0.0135869513041
0.0135827919782
0.0135827919782
0.0135819979521
0.0135827919782
0.0135819979521
0.0117671722993
0.0117671722993
0.0143718507065
0.0117671722993
0.0143718507065
0.0143718507065
0.0121602058651
0.0117671722993
0.0117671722993
0.0117671722993
0.0117671722993
0.0117671722993
0.0119948109086
0.0117671722993
0.0117671722993
0.0117671722993
0.0117671722993
0.0117671722993
0.0117671722993
0.0117671722993
0.0117671722993
0.0119948109086
0.0119948109086
0.0121602058651
0.0117671722993
0.0117671722993
0.0117671722993
0.0117671722993
0.0117671722993
0.0119948109086
0.0119948109086
0.0119948109086
0.0119474568282
0.0117671722993
0.0119948109086
0.0117671722993
0.0117671722993
0.0117671722993
0.0117671722993
0.0117671722993
0.0155155576725
0.0261158307854
0.0117671722993
0.0156173349158
0.0156173349158
0.0117671722993
0.0117671722993
0.0117671722993
0.0117671722993
0.0117671722993
0.0117671722993
0.0117671722993
0.0117671722993
0.0117671722993
0.0154780917454
0.0117671722993
0.0129689318308
0.0117671722993
0.012964972304
0.0117671722993
0.012964972304
0.0130129105077
0.012964972304
0.0117671722993
0.0117671722993
0.012964972304
0.0117671722993
0.0117671722993
0.0117671722993
0.012964972304
0.0117671722993
0.012964972304
0.0117671722993
0.012964972304
0.012964972304
0.0117671722993
0.012964972304
0.0132394581426
0.0132394581426
0.0132394581426
0.0117671722993
0.0117671722993
0.0117671722993
0.0117671722993
0.0117671722993
0.0117671722993
0.012964972304
0.0117671722993
0.0117671722993
0.012964972304
0.0117671722993
0.0117671722993
0.0117671722993
0.0129707267877
0.0129707267877
0.0129707267877
0.0129707267877
0.0129707267877
0.0129707267877
0.0129707267877
0.0117671722993
0.0117671722993
0.0123485157819
0.0123485157819
0.0118069753235
0.0168833586751
0.0130070488299
0.0124023424045
0.0130155116339
0.0130353010674
0.0130070488299
0.0130155116339
0.0168303657266
0.0117671722993
0.0117671722993
0.0124689120042
0.0117671722993
0.0124689120042
0.0126691624979
0.0169561619071
0.0124124724791
0.0123951024594
0.0123951024594
0.0117671722993
0.0117671722993
0.0168468704827
0.0117671722993
0.0117671722993
0.0117671722993
0.0117671722993
0.0117671722993
0.0118069753235
0.0118069753235
0.0121503797618
0.0121455181713
0.0124419722425
0.0168303657266
0.0125475799853
0.0117671722993
0.0117671722993
0.0124829441776
0.0122773812409
0.0168876496454
0.0117671722993
0.0117671722993
0.0168512019754
0.0121582353114
0.0117671722993
0.0121858592909
0.0168960252674
0.0120896768286
0.0117671722993
0.0117671722993
0.0117671722993
0.0117671722993
0.0119232645485
0.0118069753235
0.0124124724791
0.0117671722993
0.0117671722993
0.0124044017767
0.0117671722993
0.0133472053835
0.0131992085533
0.0131992085533
0.0131992085533
0.0131992085533
0.0131992085533
0.0121591957193
0.0121591957193
0.0117671722993
0.0121591957193
0.0121591957193
0.0117671722993
0.013017960456
0.013017960456
0.0139154756484
0.0127641716225
0.0144467541956
0.0127698796471
0.0127698796471
0.013017960456
0.0127698796471
0.0127698796471
0.0127698796471
0.0127698796471
0.0127698796471
0.0127749911561
0.0119866952069
0.0119866952069
0.0117671722993
0.0121369525252
0.0119866952069
0.0119866952069
0.0117671722993
0.0117671722993
0.0119866952069
0.0119866952069
0.0121369525252
0.0117671722993
0.0138997949205
0.013017960456
0.0117671722993
0.0117671722993
0.0117671722993
0.0117671722993
0.0117671722993
0.0117671722993
0.0117671722993
0.0117671722993
0.0117671722993
0.0117671722993
0.0117671722993
0.0117671722993
0.0117671722993
0.0117671722993
0.0117671722993
0.0117671722993
0.0117671722993
0.0117671722993
0.0117671722993
0.0117671722993
0.0117671722993
0.0117671722993
0.0117671722993
0.0117671722993
0.0117671722993
0.0117671722993
0.0117671722993
0.0117671722993
0.0117671722993
0.0117671722993
0.0117671722993
0.0117671722993
0.0117671722993
0.0117671722993
0.0117671722993
0.0117671722993
0.0117671722993
0.0117671722993
0.0117671722993
0.0117671722993
0.0117671722993
0.0117671722993
0.0117671722993
0.0117671722993
0.0117671722993
0.0117671722993
0.0117671722993
0.0117671722993
0.0117671722993
0.0117671722993
0.0117671722993
0.0117671722993
0.0117671722993
0.0117671722993
0.0117671722993
0.0117671722993
0.0117671722993
0.0117671722993
0.0117671722993
0.0117671722993
0.0117671722993
0.0117671722993
0.0117671722993
0.0117671722993
0.0117671722993
0.0117671722993
0.0117671722993
0.0117671722993
0.0117671722993
0.0117671722993
0.0117671722993
0.0117671722993
0.0117671722993
0.0121807554174
0.0121807554174
0.0121807554174
0.0121807554174
0.0121807554174
0.0121807554174
0.0117671722993
0.0117671722993
0.0121807554174
0.0121807554174
0.0117671722993
0.0117671722993
0.0120150809596
0.0119513285924
0.0129163019317
0.0129089752454
0.0129089752454
0.0129089752454
0.0129195099729
0.0119513285924
0.012912804067
0.012912804067
0.012912804067
0.0129089752454
0.0129089752454
0.0129089752454
0.0129937372716
0.0129089752454
0.0117671722993
0.0117671722993
0.0118045854122
0.0117671722993
0.0117671722993
0.0117671722993
0.0117671722993
0.0117671722993
0.0117671722993
0.0117671722993
0.0117671722993
0.0117671722993
0.0117671722993
0.0117671722993
0.0117671722993
0.0117671722993
0.0117671722993
0.0117671722993
0.0117671722993
0.0117671722993
0.0117671722993
0.0117671722993
0.0117671722993
0.0117671722993
0.0117671722993
0.0117671722993
0.0117671722993
0.0117671722993
0.0117671722993
0.0117671722993
0.0117671722993
0.0117671722993
0.0117671722993
0.0117671722993
0.0117671722993
0.0117671722993
0.0117671722993
0.0117671722993
0.0117671722993
0.0117671722993
0.0117671722993
0.0117671722993
0.0117671722993
0.0117671722993
0.0117671722993
0.0117671722993
0.0117671722993
0.0117671722993
0.0117671722993
0.0117671722993
0.0117671722993
0.0117671722993
0.0117671722993
0.0117671722993
0.0117671722993
0.0117671722993
0.0117671722993
0.0117671722993
0.0117671722993
0.0117671722993
0.0117671722993
0.0117671722993
0.0117671722993
0.0117671722993
0.0117671722993
0.0117671722993
0.0117671722993
0.0117671722993
0.0117671722993
0.0117671722993
0.0117671722993
0.0117671722993
0.0117671722993
0.0117671722993
0.0117671722993
0.0117671722993
0.0117671722993
0.0117671722993
0.0117671722993
0.0117671722993
0.0117671722993
0.0117671722993
0.0117671722993
0.0117671722993
0.0117671722993
0.0117671722993
0.0117671722993
0.0117671722993
0.0117671722993
0.0117671722993
0.0117671722993
0.0117671722993
0.0117671722993
0.0117671722993
0.0117671722993
0.0117671722993
0.0117671722993
0.0117671722993
0.0117671722993
0.0117671722993
0.0117671722993
0.0117671722993
0.0117671722993
0.0117671722993
0.0117671722993
0.0117671722993
0.0117671722993
0.0117671722993
0.0117671722993
0.0117671722993
0.0117671722993
0.0117671722993
0.0117671722993
0.0117671722993
0.0117671722993
0.0117671722993
0.0117671722993
0.0117671722993
0.0117671722993
0.0117671722993
0.0117671722993
0.0117671722993
0.0117671722993
0.0117671722993
0.0117671722993
0.0117671722993
0.0117671722993
0.0117671722993
0.0117671722993
0.0117671722993
0.0117671722993
0.0117671722993
0.0117671722993
0.0117671722993
0.0117671722993
0.0117671722993
0.0117671722993
0.0117671722993
0.0117671722993
0.0117671722993
0.0117671722993
0.0117671722993
0.0117671722993
0.0117671722993
0.0117671722993
0.0117671722993
0.0117671722993
0.0117671722993
0.0117671722993
0.0117671722993
0.0117671722993
0.0117671722993
0.0117671722993
0.0117671722993
0.0117671722993
0.0117671722993
0.0117671722993
0.0117671722993
0.0117671722993
0.0117671722993
0.0117671722993
0.0117671722993
0.0117671722993
0.0117671722993
0.0117671722993
0.0117671722993
0.0117671722993
0.0117671722993
0.0117671722993
0.0117671722993
0.0117671722993
0.0117671722993
0.0117671722993
0.0117671722993
0.0117671722993
0.0117671722993
0.0117671722993
0.0117671722993
0.0117671722993
0.0117671722993
0.0117671722993
0.0117671722993
0.0117671722993
0.0117671722993
0.0117671722993
0.0117671722993
0.0117671722993
0.0117671722993
0.0117671722993
0.0117671722993
0.0117671722993
0.0117671722993
0.0117671722993
0.0117671722993
0.0117671722993
0.0117671722993
0.0117671722993
0.0117671722993
0.0117671722993
0.0117671722993
0.0117671722993
0.0117671722993
0.0117671722993
0.0117671722993
0.0117671722993
0.0117671722993
0.0117671722993
0.0117671722993
0.0117671722993
0.0117671722993
0.0117671722993
0.0117671722993
0.0117671722993
0.0117671722993
0.0117671722993
0.0117671722993
0.0117671722993
0.0117671722993
0.0117671722993
0.0117671722993
0.0117671722993
0.0117671722993
0.0117671722993
0.0117671722993
0.0117671722993
0.0117671722993
0.0117671722993
0.0117671722993
0.0117671722993
0.0117671722993
0.0117671722993
0.0117671722993
0.0117671722993
0.0117671722993
0.0117671722993
0.0117671722993
0.0117671722993
0.0117671722993
0.0117671722993
0.0117671722993
0.0117671722993
0.0117671722993
0.0117671722993
0.0117671722993
0.0117671722993
0.0117671722993
0.0117671722993
0.0117671722993
0.0117671722993
0.0117671722993
0.0117671722993
0.0117671722993
0.0117671722993
0.0117671722993
0.0117671722993
0.0117671722993
0.0117671722993
0.0117671722993
0.0117671722993
0.0117671722993
0.0117671722993
0.0117671722993
0.0117671722993
0.0117671722993
0.0117671722993
0.0117671722993
0.0117671722993
0.0117671722993
0.0117671722993
0.0117671722993
0.0117671722993
0.0117671722993
0.0117671722993
0.0117671722993
0.0117671722993
0.0117671722993
0.0117671722993
0.0117671722993
0.0117671722993
0.0117671722993
0.0117671722993
0.0117671722993
0.0117671722993
0.0117671722993
0.0117671722993
0.0117671722993
0.0117671722993
0.0117671722993
0.0117671722993
0.0117671722993
0.0117671722993
0.0117671722993
0.0117671722993
0.0117671722993
0.0117671722993
0.0117671722993
0.0117671722993
0.0117671722993
0.0117671722993
0.0117671722993
0.0117671722993
0.0117671722993
0.0117671722993
0.0117671722993
0.0117671722993
0.0117671722993
0.0117671722993
0.0117671722993
0.0117671722993
0.0117671722993
0.0117671722993
0.0117671722993
0.0117671722993
0.0117671722993
0.0117671722993
0.0117671722993
0.0117671722993
0.0117671722993
0.0117671722993
0.0117671722993
0.0117671722993
0.0117671722993
0.0117671722993
0.0117671722993
0.0117671722993
0.0117671722993
0.0117671722993
0.0117671722993
0.0117671722993
0.0117671722993
0.0117671722993
0.0117671722993
0.0117671722993
0.0117671722993
0.0117671722993
0.0117671722993
0.0117671722993
0.0117671722993
0.0117671722993
0.0117671722993
0.0117671722993
0.0117671722993
0.0117671722993
0.0117671722993
0.0117671722993
0.0117671722993
0.0117671722993
0.0117671722993
0.0117671722993
0.0117671722993
0.0117671722993
0.0117671722993
0.0117671722993
0.0117671722993
0.0117671722993
0.0117671722993
0.0117671722993
0.0117671722993
0.0117671722993
0.0117671722993
0.0117671722993
0.0117671722993
0.0117671722993
0.0117671722993
0.0117671722993
0.0117671722993
0.0117671722993
0.0117671722993
0.0117671722993
0.0117671722993
0.0117671722993
0.0117671722993
0.0117671722993
0.0117671722993
0.0117671722993
0.0117671722993
0.0117671722993
0.0117671722993
0.0117671722993
0.0117671722993
0.0117671722993
0.0117671722993
0.0117671722993
0.0117671722993
0.0117671722993
0.0117671722993
0.0117671722993
0.0117671722993
0.0117671722993
0.0117671722993
0.0117671722993
0.0117671722993
0.0117671722993
0.0117671722993
0.0117671722993
0.0117671722993
0.0117671722993
0.0117671722993
0.0117671722993
0.0117671722993
0.0117671722993
0.0117671722993
0.0117671722993
0.0117671722993
0.0117671722993
0.0117671722993
0.0117671722993
0.0117671722993
0.0117671722993
0.0117671722993
0.0117671722993
0.0117671722993
0.0117671722993
0.0117671722993
0.0117671722993
0.0117671722993
0.0117671722993
0.0117671722993
0.0117671722993
0.0117671722993
0.0117671722993
0.0117671722993
0.0117671722993
0.0117671722993
0.0117671722993
0.0117671722993
0.0117671722993
0.0117671722993
0.0117671722993
0.0117671722993
0.0117671722993
0.0117671722993
0.0117671722993
0.0117671722993
0.0117671722993
0.0117671722993
0.0117671722993
0.0117671722993
0.0117671722993
0.0117671722993
0.0117671722993
0.0117671722993
0.0117671722993
0.0117671722993
0.0117671722993
0.0117671722993
0.0117671722993
0.0117671722993
0.0117671722993
0.0117671722993
0.0117671722993
0.0117671722993
0.0117671722993
0.0117671722993
0.0117671722993
0.0117671722993
0.0117671722993
0.0117671722993
0.0117671722993
0.0117671722993
0.0117671722993
0.0117671722993
0.0117671722993
0.0117671722993
0.0117671722993
0.0117671722993
0.0117671722993
0.0117671722993
0.0117671722993
0.0117671722993
0.0117671722993
0.0117671722993
0.0117671722993
0.0117671722993
0.0117671722993
0.0117671722993
0.0117671722993
0.0117671722993
0.0117671722993
0.0117671722993
0.0117671722993
0.0117671722993
0.0117671722993
0.0117671722993
0.0117671722993
0.0117671722993
0.0117671722993
0.0117671722993
0.0117671722993
0.0117671722993
0.0117671722993
0.0117671722993
0.0117671722993
0.0117671722993
0.0117671722993
0.0117671722993
0.0117671722993
0.0117671722993
0.0117671722993
0.0117671722993
0.0117671722993
0.0117671722993
0.0117671722993
0.0117671722993
0.0117671722993
0.0117671722993
0.0117671722993
0.0117671722993
0.0117671722993
0.0117671722993
0.0117671722993
0.0117671722993
0.0117671722993
0.0117671722993
0.0117671722993
0.0117671722993
0.0117671722993
0.0117671722993
0.0117671722993
0.0117671722993
0.0117671722993
0.0117671722993
0.0117671722993
0.0117671722993
0.0117671722993
0.0117671722993
0.0117671722993
0.0117671722993
0.0117671722993
0.0117671722993
0.0123796439074
